
TP: 4483, FP: 903, TN: 9252, FN: 362
Accuracy: 0.9156666666666666
F1 Score: 0.8763561724171636
