
TP: 4486, FP: 972, TN: 9201, FN: 341
Accuracy: 0.9124666666666666
F1 Score: 0.8723383568303354
